k=0.035, window size=5 (best): 0.513129   0.104910  
k=0.05, window size=5: 0.497918   0.103725  
k=0.035, window size=3: 0.505519   0.108235  
              no nms: 0.279335   0.063200  
